444
151
313
491
510
596
205
307
3
932
247
772
387
648
121
249
121
784
502
456
164
699
100
972
957
49
496
685
568
184
44
910
387
559
211
443
467
315
942
821
750
219
231
924
772
866
570
863
774
120
963
619
377
389
498
414
956
340
851
487
500
903
690
660
953
621
612
446
577
540
593
709
738
949
510
300
93
635
519
297
582
7
369
195
448
284
741
576
421
554
880
674
947
537
647
494
146
363
672
889
866
318
820
910
250
252
529
768
155
473
940
329
883
721
715
821
621
332
793
502
637
527
466
20
441
456
270
785
948
790
363
134
956
370
42
838
539
86
460
309
674
152
126
236
865
690
551
380
500
874
570
147
64
921
262
624
763
267
595
368
648
338
328
163
970
774
160
358
256
533
299
949
631
627
16
581
749
206
271
707
321
209
988
501
169
123
417
787
555
563
667
48
637
587
372
195
919
998
849
629
