649
306
981
156
806
95
68
423
225
709
547
39
419
801
968
70
614
112
979
961
710
504
48
821
966
566
631
240
747
386
594
933
759
840
170
199
900
415
271
414
794
764
882
568
71
945
224
478
506
470
421
671
740
945
514
11
148
18
230
245
70
727
276
107
599
7
46
314
127
906
734
379
603
533
477
410
502
916
138
581
171
895
400
81
322
431
828
607
780
914
554
398
333
65
179
339
62
851
357
675
315
715
63
937
839
957
895
754
482
190
203
21
805
736
888
201
722
44
690
791
962
370
816
767
364
28
491
782
343
930
483
84
901
238
158
876
164
175
806
588
537
987
734
428
59
293
217
676
994
622
294
870
706
319
76
387
40
597
534
562
527
517
156
442
655
703
262
248
99
792
61
540
966
255
351
846
410
865
670
902
860
447
375
513
983
573
682
599
99
230
419
433
130
531
515
513
255
434
403
490
