Försök nr, Tid i nanosekunder'
1, 12573641
2, 666683
3, 624107
4, 629348
5, 590441
6, 571603
7, 562105
8, 556387
9, 535163
10, 534244
11, 537422
12, 536652
13, 535742
14, 536241
15, 535788
16, 535017
17, 536421
18, 536638
19, 535104
20, 533716
21, 537026
22, 535783
23, 534369
24, 534622
25, 535144
26, 538932
27, 538393
28, 536082
29, 533076
30, 537184
31, 535184
32, 534797
33, 538143
34, 547574
35, 551834
36, 556920
37, 548751
38, 549822
39, 536749
40, 552455
41, 548054
42, 547200
43, 548834
44, 550130
45, 564084
46, 547822
47, 595278
48, 561128
49, 522745
50, 519923
51, 521840
52, 564355
53, 543069
54, 542555
55, 537382
56, 532450
57, 535963
58, 535696
59, 535345
60, 534048
61, 536387
62, 540152
63, 554215
64, 523462
65, 520014
66, 519364
67, 522267
68, 613545
69, 520809
70, 520411
71, 521378
72, 544414
73, 554186
74, 547058
75, 481771
76, 485644
77, 474794
78, 471663
79, 470413
80, 469901
81, 469785
82, 472253
83, 489098
84, 460022
85, 459198
86, 479027
87, 459523
88, 459007
89, 461053
90, 459095
91, 445174
92, 460021
93, 459657
94, 479183
95, 459486
96, 458645
97, 458921
98, 474834
99, 458952
100, 460682
101, 458937
102, 3082940
103, 526088
104, 457555
105, 456828
106, 469868
107, 473493
108, 454827
109, 466914
110, 459082
111, 459104
112, 444171
113, 460835
114, 481322
115, 459967
116, 459039
117, 461396
118, 459060
119, 458951
120, 458960
121, 459042
122, 460694
123, 515639
124, 483246
125, 471493
126, 471727
127, 472522
128, 473383
129, 471692
130, 464185
131, 491770
132, 465557
133, 472717
134, 524909
135, 475369
136, 471645
137, 471529
138, 488322
139, 469412
140, 482343
141, 470863
142, 469632
143, 469386
144, 579657
145, 470354
146, 471608
147, 472485
148, 474220
149, 474201
150, 518057
151, 491923
152, 472583
153, 473493
154, 538190
155, 474359
156, 479689
157, 472250
158, 472337
159, 475845
160, 403090
161, 404265
162, 400241
163, 415290
164, 414246
165, 403851
166, 398926
167, 398937
168, 398771
169, 461972
170, 398305
171, 398168
172, 398008
173, 398182
174, 397882
175, 400099
176, 397956
177, 397875
178, 397867
179, 397847
180, 397810
181, 397900
182, 409485
183, 387190
184, 401887
185, 403893
186, 401940
187, 401925
188, 387016
189, 401873
190, 401844
191, 401833
192, 401844
193, 386960
194, 401904
195, 404338
196, 401857
197, 401906
198, 394326
199, 394361
200, 401961
201, 401843
202, 401762
203, 440531
204, 397623
205, 400198
206, 397797
207, 397594
208, 412635
209, 397575
210, 397617
211, 456586
212, 397512
213, 397621
214, 399312
215, 397742
216, 397644
217, 397496
218, 397530
219, 397533
220, 397537
221, 401766
222, 401833
223, 401677
224, 403828
225, 394321
226, 394323
227, 401655
228, 401673
229, 401640
230, 394344
231, 394136
232, 401658
233, 401618
234, 403524
235, 401906
236, 386747
237, 401661
238, 401650
239, 401682
240, 401682
241, 386790
242, 401762
243, 401666
244, 403501
245, 401854
246, 386764
247, 401792
248, 401690
249, 401560
250, 401789
251, 471575
252, 397863
253, 408821
254, 411229
255, 409684
256, 424327
257, 424949
258, 409338
259, 409538
260, 409096
261, 408921
262, 408816
263, 408862
264, 411984
265, 415840
266, 401620
267, 401873
268, 409933
269, 410031
270, 386817
271, 401608
272, 417359
273, 403304
274, 401978
275, 386781
276, 401664
277, 401653
278, 401621
279, 401816
280, 386603
281, 401563
282, 401541
283, 403592
284, 401995
285, 386819
286, 417312
287, 401480
288, 401544
289, 401602
290, 386748
291, 401612
292, 401533
293, 470270
294, 401911
295, 401710
296, 386711
297, 415370
298, 408694
299, 408782
300, 408675
301, 408867
302, 408750
303, 411063
304, 408981
305, 414551
306, 401658
307, 402011
308, 397517
309, 397485
310, 397608
311, 397478
312, 397387
313, 399877
314, 397560
315, 400464
316, 401645
317, 386716
318, 401591
319, 401734
320, 401735
321, 401538
322, 386718
323, 403676
324, 401759
325, 401675
326, 401572
327, 386753
328, 401578
329, 401536
330, 401427
331, 401526
332, 402262
333, 452421
334, 401584
335, 401554
336, 414811
337, 408779
338, 408694
339, 408636
340, 408778
341, 408783
342, 408840
343, 410882
344, 408797
345, 403699
346, 402063
347, 402203
348, 402294
349, 393858
350, 394850
351, 402110
352, 402229
353, 404020
354, 394296
355, 409294
356, 402219
357, 402230
358, 402070
359, 394732
360, 394104
361, 402149
362, 402330
363, 403853
364, 401828
365, 386948
366, 401626
367, 401781
368, 401565
369, 401522
370, 386826
371, 401738
372, 401653
373, 403927
374, 401823
375, 464961
376, 408201
377, 397664
378, 397573
379, 397585
380, 397567
381, 397602
382, 399225
383, 397742
384, 438641
385, 447511
386, 414064
387, 408985
388, 408776
389, 408842
390, 426730
391, 409089
392, 414043
393, 408856
394, 409254
395, 401596
396, 401674
397, 401589
398, 386798
399, 401564
400, 401559
401, 413278
402, 416273
403, 394036
404, 394263
405, 410607
406, 397624
407, 397430
408, 397394
409, 397370
410, 397683
411, 412582
412, 400842
413, 397654
414, 399832
415, 410426
416, 397616
417, 457330
418, 397448
419, 397447
420, 397461
421, 397449
422, 415324
423, 397634
424, 397438
425, 397425
426, 397628
427, 397547
428, 397445
429, 397442
430, 397437
431, 397473
432, 415436
433, 397524
434, 414007
435, 397670
436, 397469
437, 397374
438, 397462
439, 397551
440, 397531
441, 397463
442, 414434
443, 397504
444, 413181
445, 386746
446, 403938
447, 397434
448, 397398
449, 397496
450, 397472
451, 397400
452, 398940
453, 397537
454, 413883
455, 386690
456, 409402
457, 450949
458, 402143
459, 402281
460, 398564
461, 399527
462, 397590
463, 397408
464, 397415
465, 397366
466, 397455
467, 397371
468, 397404
469, 413419
470, 402262
471, 388301
472, 402283
473, 402085
474, 402196
475, 402183
476, 386730
477, 402202
478, 402261
479, 402148
480, 416751
481, 395572
482, 395035
483, 402216
484, 402186
485, 402203
486, 394293
487, 394723
488, 402164
489, 402051
490, 401625
491, 396007
492, 394299
493, 401655
494, 401566
495, 401640
496, 394337
497, 393995
498, 401585
499, 480453
500, 399215
501, 399260
502, 397603
503, 397539
504, 397468
505, 404040
506, 397645
507, 401773
508, 397667
509, 397692
510, 401675
511, 403750
512, 394555
513, 394015
514, 401552
515, 401627
516, 401600
517, 405960
518, 386988
519, 401608
520, 401568
521, 404308
522, 401749
523, 386783
524, 401464
525, 401633
526, 410248
527, 408796
528, 386763
529, 401451
530, 401574
531, 406578
532, 401714
533, 386758
534, 409290
535, 409293
536, 401580
537, 401657
538, 401865
539, 450106
540, 410955
541, 399591
542, 397564
543, 397453
544, 397457
545, 397477
546, 397469
547, 397410
548, 397456
549, 395692
550, 402106
551, 433172
552, 413205
553, 412143
554, 394554
555, 404869
556, 397456
557, 397361
558, 414923
559, 397582
560, 397527
561, 401549
562, 397484
563, 397375
564, 409689
565, 386579
566, 402033
567, 402125
568, 402090
569, 402155
570, 386730
571, 419498
572, 402208
573, 402029
574, 401608
575, 386752
576, 401618
577, 401494
578, 401547
579, 401643
580, 386609
581, 470195
582, 403703
583, 401601
584, 401588
585, 403761
586, 397449
587, 397311
588, 397358
589, 397341
590, 397395
591, 399658
592, 397564
593, 403904
594, 401647
595, 417290
596, 386731
597, 401588
598, 401736
599, 417311
600, 427037
